 
 [1]  0.1000000  0.1887600  0.1906000  0.8723600 33.0611487  0.9010000  0.9002967  0.9011637  0.8995800  0.8987074  0.8997830 10.4813711  0.9573000  0.9992583  0.9475371  7.4115421  0.2506600  3.2897073
 [1]  0.1327731  0.1861400  0.1893000  0.8336000 24.9943473  0.9025400  0.8997529  0.9031775  0.9024600  0.9022241  0.9025139  9.8972305  0.9572800  0.9996777  0.9475831  7.4115421  0.2484800  3.2897073
 [1]  0.1655462  0.1836800  0.1883000  0.7929600 20.1422945  0.9016200  0.9049434  0.9008722  0.8987400  0.8950348  0.8995737  9.3738129  0.9569800  0.9998911  0.9473246  7.4115421  0.2486400  3.2897073
 [1]  0.1983193  0.1819200  0.1901600  0.7581800 16.9109910  0.8996600  0.8992964  0.8997409  0.9006800  0.9046834  0.8997898  8.8693003  0.9571600  0.9991205  0.9478291  7.4115421  0.2456200  3.2897073
 [1]  0.2310924  0.1826000  0.1928400  0.7227000 14.6106300  0.8990400  0.8984666  0.8991681  0.8999800  0.8936473  0.9013947  8.4086749  0.9580000  0.9992333  0.9487888  7.4115421  0.2475000  3.2897073
 [1]  0.2638655  0.1782400  0.1916600  0.6880800 12.8940795  0.8999600  0.9010323  0.8997274  0.9011800  0.8978905  0.9018935  8.0366239  0.9582800  0.9995512  0.9493283  7.4115421  0.2462400  3.2897073
 [1]  0.2966387  0.1719000  0.1872200  0.6502000 11.5675892  0.8999200  0.9012216  0.8996498  0.8992800  0.8941245  0.9003502  7.7093113  0.9598400  0.9996510  0.9515759  7.4115421  0.2425200  3.2897073
 [1]  0.3294118  0.1700000  0.1896800  0.6243800 10.5144938  0.8978200  0.9004706  0.8972771  0.8994600  0.9022353  0.8988916  7.3538603  0.9609000  0.9994118  0.9530120  7.4115421  0.2397600  3.2897073
 [1] 0.3621849 0.1684600 0.1932000 0.5955200 9.6603397 0.8993000 0.8969488 0.8997763 0.8991400 0.9000356 0.8989586 7.0582455 0.9611200 0.9996438 0.9533155 7.4115421 0.2403200 3.2897073
 [1] 0.3949580 0.1614200 0.1903400 0.5639000 8.9553741 0.9014800 0.9052162 0.9007608 0.9009400 0.9044728 0.9002600 6.8105128 0.9617400 0.9990088 0.9545661 7.4115421 0.2360800 3.2897073
 [1] 0.4277311 0.1573600 0.1876000 0.5371800 8.3650846 0.8978600 0.8979410 0.8978449 0.8985800 0.9016268 0.8980110 6.5673912 0.9628400 0.9994916 0.9559954 7.4115421 0.2361800 3.2897073
 [1] 0.4605042 0.1534200 0.1894400 0.5139200 7.8647777 0.8990600 0.8975362 0.8993362 0.8993400 0.9007952 0.8990763 6.3500701 0.9637200 0.9989571 0.9573342 7.4115421 0.2335200 3.2897073
 [1] 0.4932773 0.1471400 0.1901800 0.4840800 7.4363190 0.9023800 0.9041729 0.9020707 0.9005200 0.8949300 0.9014844 6.1573658 0.9647400 0.9997282 0.9587037 7.4115421 0.2336200 3.2897073
 [1] 0.5260504 0.1444800 0.1899600 0.4611600 7.0660914 0.9010600 0.9069767 0.9000608 0.9017000 0.8982558 0.9022817 5.9724602 0.9665200 0.9991694 0.9610062 7.4115421 0.2358800 3.2897073
 [1] 0.5588235 0.1420000 0.1916400 0.4362800 6.7436720 0.9021000 0.9015493 0.9021911 0.9027800 0.9001408 0.9032168 5.8105014 0.9681400 0.9988732 0.9630536 7.4115421 0.2373600 3.2897073
 [1] 0.5915966 0.1360600 0.1903200 0.4165200 6.4609485 0.9002600 0.8966632 0.9008264 0.8984400 0.8950463 0.8989745 5.6541906 0.9693400 0.9997060 0.9645577 7.4115421 0.2433000 3.2897073
 [1] 0.6243697 0.1323800 0.1921200 0.3937000 6.2115134 0.9010000 0.9036108 0.9006016 0.9009400 0.9040641 0.9004633 5.5093246 0.9699200 0.9992446 0.9654457 7.4115421 0.2443800 3.2897073
 [1] 0.6571429 0.1252600 0.1901200 0.3734800 5.9902398 0.9025800 0.9016446 0.9027139 0.8990000 0.8963755 0.8993758 5.3793410 0.9710600 0.9998403 0.9669387 7.4115421 0.2444800 3.2897073
 [1] 0.6899160 0.1193200 0.1905000 0.3558600 5.7929781 0.9023800 0.9027824 0.9023255 0.9026200 0.9012739 0.9028024 5.2519300 0.9720400 0.9983238 0.9684789 7.4115421 0.2490800 3.2897073
 [1] 0.7226891 0.1161400 0.1922400 0.3342600 5.6163345 0.9011200 0.9014982 0.9010703 0.8994000 0.8989151 0.8994637 5.1408637 0.9733600 0.9979335 0.9701310 7.4115421 0.2580200 3.2897073
 [1] 0.7554622 0.1097200 0.1879200 0.3172000 5.4575075 0.9017800 0.8960992 0.9024801 0.8999400 0.8951878 0.9005257 5.0366542 0.9749200 0.9996354 0.9718740 7.4115421 0.2636000 3.2897073
 [1] 0.7882353 0.1083200 0.1911800 0.3049200 5.3141653 0.8998400 0.8956795 0.9003454 0.9002000 0.8975258 0.9005249 4.9378478 0.9759000 0.9994461 0.9730397 7.4115421 0.2721800 3.2897073
 [1] 0.8210084 0.1043000 0.1899000 0.2916200 5.1843520 0.9011600 0.9056568 0.9006364 0.9004400 0.9054650 0.8998549 4.8442850 0.9764600 0.9992330 0.9738082 7.4115421 0.2829000 3.2897073
 [1] 0.8537815 0.0998200 0.1924400 0.2765600 5.0664158 0.8999200 0.8920056 0.9007976 0.9000200 0.8928071 0.9008198 4.7618322 0.9772400 0.9985975 0.9748717 7.4115421 0.2890200 3.2897073
 [1] 0.8865546 0.0964200 0.1896200 0.2606200 4.9589524 0.9006600 0.9047915 0.9002191 0.8999000 0.9045841 0.8994002 4.6837478 0.9784600 0.9987554 0.9762943 7.4115421 0.2989200 3.2897073
 [1] 0.9193277 0.0939400 0.1907200 0.2467800 4.8607615 0.8989800 0.8929104 0.8996093 0.8990400 0.8952523 0.8994327 4.6100003 0.9794600 0.9993613 0.9773966 7.4115421 0.3103000 3.2897073
 [1] 0.9521008 0.0906200 0.1914200 0.2342400 4.7708115 0.9005800 0.9028912 0.9003497 0.9002400 0.9022291 0.9000418 4.5427169 0.9804200 0.9988965 0.9785788 7.4115421 0.3217800 3.2897073
 [1] 0.9848739 0.0847600 0.1924200 0.2276200 4.6882110 0.8988000 0.9027843 0.8984310 0.8992600 0.9013686 0.8990647 4.4788097 0.9815200 0.9992921 0.9798741 7.4115421 0.3305400 3.2897073
 [1] 1.0176471 0.0827400 0.1907600 0.2151800 4.6121867 0.8998400 0.8975103 0.9000501 0.8998000 0.8975103 0.9000065 4.4201686 0.9820600 0.9987914 0.9805508 7.4115421 0.3430800 3.2897073
 [1] 1.0504202 0.0797600 0.1902000 0.2036200 4.5420649 0.8999200 0.8976931 0.9001130 0.8988800 0.8944333 0.8992654 4.3650464 0.9832800 0.9984955 0.9819612 7.4115421 0.3569800 3.2897073
 [1] 1.0831933 0.0762800 0.1913400 0.1950800 4.4772558 0.8981000 0.8927635 0.8985407 0.8987000 0.8930257 0.8991686 4.3134116 0.9837800 0.9997378 0.9824622 7.4115421 0.3666800 3.2897073
 [1] 1.1159664 0.0745200 0.1904200 0.1866600 4.4172416 0.8982200 0.9090177 0.8973506 0.8981800 0.9074074 0.8974370 4.2657870 0.9843000 0.9991948 0.9831007 7.4115421 0.3786400 3.2897073
 [1] 1.1487395 0.0698600 0.1905000 0.1743600 4.3615663 0.8978000 0.9009447 0.8975638 0.8999200 0.9101059 0.8991550 4.2211465 0.9852400 0.9988549 0.9842174 7.4115421 0.3915800 3.2897073
 [1] 1.1815126 0.0692400 0.1878600 0.1710600 4.3098263 0.8971600 0.8974581 0.8971378 0.8997400 0.9009243 0.8996519 4.1785712 0.9855600 0.9974003 0.9846792 7.4115421 0.4005600 3.2897073
 [1] 1.2142857 0.0640800 0.1902000 0.1593400 4.2616639 0.8979000 0.8895131 0.8984742 0.9005800 0.8985643 0.9007180 4.1394268 0.9864400 0.9993758 0.9855543 7.4115421 0.4125600 3.2897073
 [1] 1.2470588 0.0622600 0.1916400 0.1525000 4.2167611 0.8981000 0.8981690 0.8980954 0.8990400 0.9036299 0.8987353 4.1022350 0.9869600 0.9993575 0.9861369 7.4115421 0.4244400 3.2897073
 [1] 1.2798319 0.0585200 0.1886000 0.1460800 4.1748341 0.8980800 0.9111415 0.8972681 0.8992200 0.9053315 0.8988401 4.0678085 0.9874800 0.9982912 0.9868080 7.4115421 0.4355200 3.2897073
 [1] 1.3126050 0.0543800 0.1881800 0.1383600 4.1356291 0.8992600 0.9018021 0.8991138 0.8990000 0.8951821 0.8992196 4.0352957 0.9881800 0.9981611 0.9876060 7.4115421 0.4484200 3.2897073
 [1] 1.3453782 0.0539800 0.1887200 0.1310000 4.0989188 0.9001800 0.9025565 0.9000444 0.9007600 0.9032975 0.9006152 4.0043806 0.9887200 1.0000000 0.9880764 7.4115421 0.4569800 3.2897073
 [1] 1.3781513 0.0549400 0.1907000 0.1269400 4.0644989 0.9000800 0.8951584 0.9003661 0.9017000 0.8991627 0.9018475 3.9752439 0.9892000 0.9970877 0.9887415 7.4115421 0.4691200 3.2897073
 [1] 1.4109244 0.0519600 0.1883800 0.1216800 4.0321854 0.9011600 0.8979985 0.9013333 0.9024000 0.8983834 0.9026201 3.9479102 0.9898200 0.9965358 0.9894519 7.4115421 0.4814600 3.2897073
 [1] 1.4436975 0.0502600 0.1915800 0.1164000 4.0018123 0.8996800 0.8997214 0.8996778 0.9007400 0.9001194 0.9007728 3.9220980 0.9904200 0.9992041 0.9899551 7.4115421 0.4906000 3.2897073
 [1] 1.4764706 0.0478800 0.1896800 0.1105000 3.9732295 0.9010400 0.9005848 0.9010629 0.9018000 0.8913952 0.9023232 3.8978195 0.9906200 0.9979114 0.9902533 7.4115421 0.5006400 3.2897073
 [1] 1.5092437 0.0466000 0.1888200 0.1071800 3.9463010 0.8998600 0.9025751 0.8997273 0.9016800 0.9064378 0.9014475 3.8747566 0.9910800 0.9991416 0.9906860 7.4115421 0.5085600 3.2897073
 [1] 1.5420168 0.0436200 0.1882600 0.1027000 3.9209033 0.8997600 0.8940853 0.9000188 0.9008800 0.8995873 0.9009390 3.8528176 0.9916000 0.9972490 0.9913424 7.4115421 0.5195400 3.2897073
 [1] 1.5747899 0.0432000 0.1913400 0.1012400 3.8969242 0.9007800 0.9083333 0.9004390 0.9017200 0.9106481 0.9013169 3.8321022 0.9917000 0.9986111 0.9913880 7.4115421 0.5278400 3.2897073
 [1] 1.6075630 0.0416200 0.1910000 0.0949200 3.8742615 0.8994600 0.9038924 0.8992675 0.9007000 0.9034118 0.9005822 3.8125790 0.9921400 1.0000000 0.9917987 7.4115421 0.5390800 3.2897073
 [1] 1.6403361 0.0393200 0.1916800 0.0894200 3.8528218 0.8994400 0.8952187 0.8996128 0.9006000 0.9033571 0.9004872 3.7939482 0.9923800 0.9984741 0.9921306 7.4115421 0.5483600 3.2897073
 [1] 1.6731092 0.0387200 0.1903200 0.0867600 3.8325201 0.8990400 0.8910124 0.8993633 0.8998800 0.8956612 0.9000499 3.7764214 0.9924600 0.9994835 0.9921771 7.4115421 0.5577000 3.2897073
 [1] 1.7058824 0.0370600 0.1936000 0.0833000 3.8132781 0.8987000 0.8855909 0.8992045 0.8998800 0.8931462 0.9001392 3.7595934 0.9927200 0.9962223 0.9925852 7.4115421 0.5658400 3.2897073
 [1] 1.7386555 0.0352600 0.1917400 0.0802600 3.7950244 0.8995000 0.8956324 0.8996414 0.9006400 0.8888259 0.9010718 3.7436789 0.9929800 0.9971639 0.9928271 7.4115421 0.5733200 3.2897073
 [1] 1.7714286 0.0347800 0.1901800 0.0778400 3.7776934 0.9004000 0.9074181 0.9001471 0.9007400 0.9068430 0.9005201 3.7284484 0.9935400 0.9982749 0.9933694 7.4115421 0.5827800 3.2897073
 [1] 1.8042017 0.0339600 0.1885600 0.0762000 3.7612248 0.9003800 0.8998822 0.9003975 0.9003800 0.9034158 0.9002733 3.7141001 0.9937000 0.9976443 0.9935613 7.4115421 0.5897400 3.2897073
 [1] 1.8369748 0.0321800 0.1926800 0.0733600 3.7455629 0.8992000 0.8918583 0.8994441 0.8989400 0.8986948 0.8989482 3.7002446 0.9938800 0.9993785 0.9936972 7.4115421 0.5968600 3.2897073
 [1] 1.8697479 0.0331800 0.1930000 0.0716800 3.7306567 0.9003800 0.9005425 0.9003744 0.9003800 0.9053647 0.9002089 3.6870901 0.9939800 0.9981917 0.9938355 7.4115421 0.6046200 3.2897073
 [1] 1.9025210 0.0321400 0.1888400 0.0673000 3.7164588 0.9003200 0.8998133 0.9003368 0.9000600 0.9004356 0.9000475 3.6746748 0.9944200 0.9987554 0.9942760 7.4115421 0.6125000 3.2897073
 [1] 1.9352941 0.0306000 0.1931600 0.0664600 3.7029258 0.8997400 0.9065359 0.8995255 0.8992200 0.9117647 0.8988240 3.6626763 0.9945200 0.9980392 0.9944089 7.4115421 0.6188800 3.2897073
 [1] 1.9680672 0.0299000 0.1896800 0.0640000 3.6900172 0.8994400 0.8996656 0.8994330 0.8999200 0.9016722 0.8998660 3.6511821 0.9945800 0.9993311 0.9944336 7.4115421 0.6276400 3.2897073
 [1] 2.0008403 0.0273800 0.1868800 0.0622200 3.6776956 0.8989600 0.8897005 0.8992207 0.8994400 0.8882396 0.8997553 3.6402684 0.9947400 0.9978086 0.9946536 7.4115421 0.6309400 3.2897073
 [1] 2.0336134 0.0267200 0.1926000 0.0593200 3.6659265 0.9000600 0.9011976 0.9000288 0.9012600 0.9086826 0.9010562 3.6298269 0.9947600 0.9985030 0.9946572 7.4115421 0.6391200 3.2897073
 [1] 2.0663866 0.0269000 0.1921400 0.0568400 3.6546776 0.9006400 0.8996283 0.9006680 0.9000200 0.8936803 0.9001953 3.6198996 0.9953600 0.9970260 0.9953139 7.4115421 0.6461000 3.2897073
 [1] 2.0991597 0.0267800 0.1899000 0.0543000 3.6439191 0.9007400 0.9081404 0.9005364 0.9009400 0.9096341 0.9007008 3.6102947 0.9953400 1.0000000 0.9952118 7.4115421 0.6525000 3.2897073
 [1] 2.1319328 0.0246800 0.1913800 0.0510800 3.6336233 0.9018200 0.8995138 0.9018784 0.9016400 0.8970827 0.9017553 3.6011899 0.9953200 0.9959481 0.9953041 7.4115421 0.6589400 3.2897073
 [1] 2.1647059 0.0241000 0.1897400 0.0507800 3.6237642 0.9005000 0.8929461 0.9006865 0.9001400 0.8904564 0.9003791 3.5923724 0.9955800 0.9991701 0.9954913 7.4115421 0.6637200 3.2897073
 [1] 2.1974790 0.0232600 0.1954800 0.0503000 3.6143178 0.8996800 0.9002580 0.8996662 0.9005400 0.8993981 0.9005672 3.5838892 0.9959200 1.0000000 0.9958228 7.4115421 0.6683400 3.2897073
 [1] 2.2302521 0.0236800 0.1908200 0.0492400 3.6052617 0.9006800 0.9163851 0.9002991 0.9009000 0.9130068 0.9006064 3.5758722 0.9957400 0.9949324 0.9957596 7.4115421 0.6727400 3.2897073
 [1] 2.2630252 0.0228000 0.1869400 0.0461800 3.5965748 0.9002600 0.8842105 0.9006345 0.9001000 0.8842105 0.9004707 3.5681278 0.9959800 0.9982456 0.9959271 7.4115421 0.6785600 3.2897073
 [1] 2.2957983 0.0216400 0.1907200 0.0458600 3.5882375 0.9010600 0.9001848 0.9010794 0.9012400 0.9020333 0.9012225 3.5606482 0.9962200 0.9990758 0.9961568 7.4115421 0.6822800 3.2897073
 [1] 2.3285714 0.0207200 0.1911800 0.0437400 3.5802316 0.9005800 0.8928571 0.9007434 0.9012400 0.9044402 0.9011723 3.5534885 0.9962400 0.9980695 0.9962013 7.4115421 0.6869400 3.2897073
 [1] 2.3613445 0.0208200 0.1895400 0.0435400 3.5725398 0.9002200 0.9125841 0.8999571 0.9007800 0.9145053 0.9004882 3.5466065 0.9964600 0.9990394 0.9964052 7.4115421 0.6916000 3.2897073
 [1] 2.3941176 0.0205800 0.1915000 0.0431200 3.5651462 0.9000600 0.9067055 0.8999204 0.9000800 0.9008746 0.9000633 3.5399786 0.9964000 0.9990282 0.9963448 7.4115421 0.6956600 3.2897073
 [1] 2.4268908 0.0200600 0.1898600 0.0421400 3.5580356 0.9012800 0.9072782 0.9011572 0.9010200 0.9092722 0.9008511 3.5335949 0.9964400 1.0000000 0.9963671 7.4115421 0.7001200 3.2897073
 [1] 2.4596639 0.0195000 0.1911000 0.0402400 3.5511940 0.9019200 0.9210256 0.9015400 0.9014000 0.9158974 0.9011117 3.5274655 0.9968800 0.9979487 0.9968587 7.4115421 0.7050800 3.2897073
 [1] 2.4924370 0.0197600 0.1907600 0.0383400 3.5446080 0.9014400 0.8947368 0.9015751 0.9016800 0.9048583 0.9016159 3.5215659 0.9967600 0.9979757 0.9967355 7.4115421 0.7094800 3.2897073
 [1] 2.5252101 0.0194400 0.1915600 0.0367000 3.5382652 0.9016800 0.8858025 0.9019948 0.9006200 0.8888889 0.9008526 3.5158195 0.9969000 0.9979424 0.9968793 7.4115421 0.7143600 3.2897073
 [1] 2.5579832 0.0178600 0.1928600 0.0377400 3.5321539 0.9022600 0.8936170 0.9024172 0.9016200 0.8958567 0.9017248 3.5103200 0.9970000 1.0000000 0.9969454 7.4115421 0.7160800 3.2897073
 [1] 2.5907563 0.0175600 0.1883400 0.0359000 3.5262631 0.9014400 0.8883827 0.9016734 0.9018000 0.8940774 0.9019380 3.5050342 0.9969000 0.9988610 0.9968649 7.4115421 0.7196600 3.2897073
 [1] 2.6235294 0.0184200 0.1908600 0.0356800 3.5205823 0.9010000 0.8925081 0.9011594 0.9016000 0.8979370 0.9016687 3.4999319 0.9972000 1.0000000 0.9971475 7.4115421 0.7238000 3.2897073
 [1] 2.6563025 0.0180200 0.1921000 0.0353400 3.5151018 0.8998200 0.9034406 0.8997536 0.9009400 0.9056604 0.9008534 3.4949713 0.9970400 0.9977802 0.9970264 7.4115421 0.7264400 3.2897073
 [1] 2.6890756 0.0168800 0.1903800 0.0340600 3.5098124 0.9011200 0.8933649 0.9012532 0.9013200 0.9087678 0.9011921 3.4902074 0.9973200 0.9976303 0.9973147 7.4115421 0.7305200 3.2897073
 [1] 2.7218487 0.0161400 0.1895600 0.0330600 3.5047054 0.8998800 0.8835192 0.9001484 0.8999200 0.8859975 0.9001484 3.4856154 0.9973000 1.0000000 0.9972557 7.4115421 0.7330200 3.2897073
 [1] 2.7546218 0.0178200 0.1905600 0.0319000 3.4997724 0.9009600 0.9124579 0.9007514 0.9004200 0.9147026 0.9001609 3.4811456 0.9974000 0.9988777 0.9973732 7.4115421 0.7381000 3.2897073
 [1] 2.7873950 0.0172000 0.1885000 0.0321800 3.4950059 0.9009800 0.8976744 0.9010379 0.9003400 0.8976744 0.9003867 3.4768524 0.9974800 1.0000000 0.9974359 7.4115421 0.7400200 3.2897073
 [1] 2.8201681 0.0158200 0.1890400 0.0306400 3.4903983 0.9015200 0.9026549 0.9015018 0.9006000 0.9051833 0.9005263 3.4726829 0.9974600 1.0000000 0.9974192 7.4115421 0.7429800 3.2897073
 [1] 2.8529412 0.0163800 0.1909000 0.0304400 3.4859429 0.9018600 0.8962149 0.9019540 0.9012600 0.8998779 0.9012830 3.4686577 0.9976400 1.0000000 0.9976007 7.4115421 0.7467200 3.2897073
 [1] 2.8857143 0.0153600 0.1926800 0.0287800 3.4816330 0.9009000 0.9127604 0.9007150 0.9003200 0.9101562 0.9001666 3.4647857 0.9975200 0.9986979 0.9975016 7.4115421 0.7488200 3.2897073
 [1] 2.9184874 0.0141200 0.1911000 0.0281000 3.4774624 0.9010200 0.8923513 0.9011442 0.9004000 0.8966006 0.9004544 3.4610361 0.9976800 1.0000000 0.9976468 7.4115421 0.7526000 3.2897073
 [1] 2.9512605 0.0147600 0.1885400 0.0279200 3.4734252 0.9019000 0.9132791 0.9017295 0.9010600 0.9132791 0.9008769 3.4573328 0.9976600 1.0000000 0.9976249 7.4115421 0.7553000 3.2897073
 [1] 2.9840336 0.0152200 0.1907400 0.0292400 3.4695158 0.9017000 0.9132720 0.9015212 0.9008800 0.9053876 0.9008103 3.4538204 0.9976200 1.0000000 0.9975832 7.4115421 0.7587200 3.2897073
 [1] 3.0168067 0.0141200 0.1890000 0.0282200 3.4657289 0.9014400 0.8866856 0.9016513 0.9002200 0.8852691 0.9004341 3.4504223 0.9977200 0.9985836 0.9977076 7.4115421 0.7617000 3.2897073
 [1] 3.0495798 0.0136800 0.1894600 0.0267600 3.4620595 0.9009200 0.8961988 0.9009855 0.9002400 0.8947368 0.9003163 3.4470626 0.9977000 0.9985380 0.9976884 7.4115421 0.7631400 3.2897073
 [1] 3.0823529 0.0132400 0.1917600 0.0265800 3.4585029 0.9005400 0.8731118 0.9009080 0.8996600 0.8761329 0.8999757 3.4438366 0.9977200 0.9939577 0.9977705 7.4115421 0.7661600 3.2897073
 [1] 3.1151261 0.0131800 0.1871400 0.0255000 3.4550544 0.9011000 0.8831563 0.9013397 0.9004600 0.8922610 0.9005695 3.4407394 0.9978600 1.0000000 0.9978314 7.4115421 0.7684000 3.2897073
 [1] 3.1478992 0.0130600 0.1941000 0.0248000 3.4517097 0.9012400 0.9157734 0.9010477 0.9012600 0.9111792 0.9011287 3.4376935 0.9978800 0.9984686 0.9978722 7.4115421 0.7708400 3.2897073
 [1] 3.1806723 0.0131800 0.1887000 0.0250200 3.4484649 0.9007000 0.8998483 0.9007114 0.9005400 0.8952959 0.9006100 3.4347458 0.9979600 0.9984825 0.9979530 7.4115421 0.7730600 3.2897073
 [1] 3.2134454 0.0127800 0.1956200 0.0243200 3.4453158 0.9002000 0.9029734 0.9001641 0.9008600 0.9092332 0.9007516 3.4318893 0.9980200 0.9984351 0.9980146 7.4115421 0.7748600 3.2897073
 [1] 3.2462185 0.0130800 0.1912000 0.0246400 3.4422590 0.9005200 0.8960245 0.9005796 0.9004600 0.8944954 0.9005391 3.4291168 0.9980600 1.0000000 0.9980343 7.4115421 0.7771600 3.2897073
 [1] 3.2789916 0.0124200 0.1872000 0.0236000 3.4392907 0.9008400 0.8937198 0.9009295 0.9009400 0.9001610 0.9009498 3.4264240 0.9980800 0.9983897 0.9980761 7.4115421 0.7799800 3.2897073
 [1] 3.3117647 0.0124200 0.1913800 0.0233800 3.4364076 0.9008200 0.9130435 0.9006663 0.9009000 0.9114332 0.9007675 3.4237983 0.9981400 1.0000000 0.9981166 7.4115421 0.7808600 3.2897073
 [1] 3.3445378 0.0122000 0.1911400 0.0225000 3.4336066 0.9002600 0.9131148 0.9001012 0.9008800 0.9147541 0.9007086 3.4212597 0.9981400 1.0000000 0.9981170 7.4115421 0.7831000 3.2897073
 [1] 3.3773109 0.0111000 0.1870600 0.0218400 3.4308846 0.9012200 0.9171171 0.9010416 0.9018800 0.9153153 0.9017292 3.4187840 0.9981800 1.0000000 0.9981596 7.4115421 0.7855200 3.2897073
 [1] 3.4100840 0.0109600 0.1918800 0.0211400 3.4282385 0.9000200 0.9014599 0.9000040 0.9007800 0.8959854 0.9008331 3.4163812 0.9982400 0.9981752 0.9982407 7.4115421 0.7867400 3.2897073
 [1] 3.4428571 0.0116400 0.1917200 0.0209800 3.4256658 0.9010600 0.8848797 0.9012506 0.9013800 0.8865979 0.9015541 3.4140448 0.9982400 0.9982818 0.9982395 7.4115421 0.7905000 3.2897073
 [1] 3.4756303 0.0112200 0.1928600 0.0209800 3.4231636 0.9001600 0.8966132 0.9002002 0.9009200 0.9019608 0.9009082 3.4117706 0.9982800 1.0000000 0.9982605 7.4115421 0.7916200 3.2897073
 [1] 3.5084034 0.0113200 0.1906800 0.0204600 3.4207294 0.9002000 0.9081272 0.9001092 0.9005800 0.9151943 0.9004127 3.4095568 0.9982800 1.0000000 0.9982603 7.4115421 0.7924200 3.2897073
 [1] 3.5411765 0.0109000 0.1874200 0.0203800 3.4183608 0.9008400 0.9064220 0.9007785 0.9015000 0.9009174 0.9015064 3.4073985 0.9984400 1.0000000 0.9984228 7.4115421 0.7949000 3.2897073
 [1] 3.5739496 0.0101600 0.1912400 0.0187400 3.4160556 0.9012600 0.8858268 0.9014184 0.9013000 0.8956693 0.9013578 3.4052994 0.9984200 1.0000000 0.9984038 7.4115421 0.7963600 3.2897073
 [1] 3.6067227 0.0101800 0.1911200 0.0197800 3.4138114 0.9008000 0.9194499 0.9006082 0.9009200 0.9253438 0.9006688 3.4032650 0.9985600 0.9980354 0.9985654 7.4115421 0.7977000 3.2897073
 [1] 3.6394958 0.0112200 0.1908200 0.0193200 3.4116261 0.9010200 0.8948307 0.9010902 0.9011400 0.8983957 0.9011711 3.4012784 0.9985200 1.0000000 0.9985032 7.4115421 0.7995200 3.2897073
 [1] 3.6722689 0.0114400 0.1840600 0.0195400 3.4094977 0.8998400 0.8898601 0.8999555 0.9000000 0.8933566 0.9000769 3.3993447 0.9985400 1.0000000 0.9985231 7.4115421 0.8004400 3.2897073
 [1] 3.7050420 0.0110600 0.1883000 0.0184400 3.4074243 0.9003000 0.8915009 0.9003984 0.8995800 0.8878843 0.8997108 3.3974670 0.9986400 1.0000000 0.9986248 7.4115421 0.8025600 3.2897073
 [1] 3.7378151 0.0104000 0.1907000 0.0187600 3.4054040 0.9003200 0.8846154 0.9004850 0.8995200 0.8769231 0.8997575 3.3955862 0.9985200 1.0000000 0.9985044 7.4115421 0.8026200 3.2897073
 [1] 3.7705882 0.0104400 0.1910000 0.0185800 3.4034349 0.9008200 0.8908046 0.9009257 0.9002800 0.8869732 0.9004204 3.3938197 0.9985200 1.0000000 0.9985044 7.4115421 0.8058000 3.2897073
 [1] 3.8033613 0.0104400 0.1912200 0.0179800 3.4015155 0.9005600 0.9022989 0.9005417 0.9003400 0.9022989 0.9003193 3.3920883 0.9986800 0.9980843 0.9986863 7.4115421 0.8063600 3.2897073
 [1] 3.8361345 0.0108400 0.1907400 0.0179000 3.3996440 0.9009600 0.9188192 0.9007643 0.9003000 0.9132841 0.9001577 3.3903689 0.9986600 1.0000000 0.9986453 7.4115421 0.8076600 3.2897073
 [1] 3.8689076 0.0096400 0.1884400 0.0164000 3.3978189 0.9002000 0.8983402 0.9002181 0.8994800 0.9087137 0.8993901 3.3887135 0.9986600 0.9979253 0.9986672 7.4115421 0.8087000 3.2897073
 [1] 3.9016807 0.0096200 0.1916200 0.0168400 3.3960386 0.9005000 0.9126819 0.9003817 0.8999800 0.9106029 0.8998768 3.3870805 0.9987000 1.0000000 0.9986874 7.4115421 0.8108000 3.2897073
 [1] 3.9344538 0.0099200 0.1909800 0.0171400 3.3943017 0.9005800 0.9092742 0.9004929 0.8999000 0.9032258 0.8998667 3.3854954 0.9987600 0.9979839 0.9987678 7.4115421 0.8116000 3.2897073
 [1] 3.9672269 0.0095000 0.1888600 0.0167400 3.3926068 0.9005000 0.9073684 0.9004341 0.9000800 0.9052632 0.9000303 3.3839518 0.9987200 1.0000000 0.9987077 7.4115421 0.8130400 3.2897073
 [1] 4.0000000 0.0093200 0.1895000 0.0163200 3.3909526 0.8996400 0.9012876 0.8996245 0.8992400 0.8991416 0.8992409 3.3824486 0.9988200 1.0000000 0.9988089 7.4115421 0.8137600 3.2897073
