
 [1] 0.500000 0.002680 0.191620 0.002180 0.953340 0.999480 0.898300 4.000194 7.081222 3.289707
 [1] 0.5798319 0.0026400 0.1868800 0.0024200 0.9585800 0.9995800 0.8995000 4.0670515 7.0812221 3.2897073
 [1] 0.6596639 0.0027000 0.1911000 0.0025800 0.9615400 0.9996600 0.8992800 4.1330935 7.0812221 3.2897073
 [1] 0.7394958 0.0029600 0.1875400 0.0024000 0.9634800 0.9995200 0.8990200 4.1983474 7.0812221 3.2897073
 [1] 0.8193277 0.0029400 0.1928000 0.0024200 0.9649200 0.9994600 0.8971400 4.2628392 7.0812221 3.2897073
 [1] 0.8991597 0.0024000 0.1902600 0.0027000 0.9693200 0.9996000 0.8996800 4.3265936 7.0812221 3.2897073
 [1] 0.9789916 0.0029800 0.1876000 0.0026200 0.9703000 0.9995600 0.8977800 4.3896339 7.0812221 3.2897073
 [1] 1.058824 0.002880 0.189500 0.002980 0.971900 0.999420 0.897760 4.451982 7.081222 3.289707
 [1] 1.138655 0.003020 0.191500 0.002740 0.975180 0.999480 0.896280 4.513660 7.081222 3.289707
 [1] 1.218487 0.003580 0.191260 0.002520 0.975640 0.999400 0.894160 4.574687 7.081222 3.289707
 [1] 1.298319 0.002940 0.190680 0.002460 0.978580 0.999620 0.895220 4.635083 7.081222 3.289707
 [1] 1.378151 0.003440 0.188560 0.002900 0.979940 0.999480 0.894940 4.694865 7.081222 3.289707
 [1] 1.457983 0.003480 0.192200 0.002800 0.980640 0.999460 0.893480 4.754051 7.081222 3.289707
 [1] 1.537815 0.003440 0.189240 0.003180 0.982480 0.999620 0.893140 4.812658 7.081222 3.289707
 [1] 1.617647 0.003840 0.190800 0.003200 0.984300 0.999520 0.895440 4.870701 7.081222 3.289707
 [1] 1.697479 0.004000 0.190800 0.002900 0.984340 0.999420 0.893660 4.928196 7.081222 3.289707
 [1] 1.777311 0.004040 0.190580 0.003460 0.985280 0.999480 0.890420 4.985158 7.081222 3.289707
 [1] 1.857143 0.003800 0.188760 0.003240 0.986520 0.999580 0.891420 5.041599 7.081222 3.289707
 [1] 1.936975 0.004540 0.187420 0.004040 0.986540 0.999620 0.891600 5.097534 7.081222 3.289707
 [1] 2.016807 0.003700 0.190260 0.003280 0.988760 0.999480 0.889860 5.152975 7.081222 3.289707
 [1] 2.096639 0.004640 0.190300 0.003940 0.988500 0.999260 0.890640 5.207935 7.081222 3.289707
 [1] 2.176471 0.005060 0.190680 0.003500 0.988360 0.999260 0.887320 5.262424 7.081222 3.289707
 [1] 2.256303 0.005200 0.187800 0.003700 0.989420 0.999240 0.886280 5.316456 7.081222 3.289707
 [1] 2.336134 0.004860 0.189320 0.003680 0.989960 0.999320 0.886280 5.370039 7.081222 3.289707
 [1] 2.415966 0.005880 0.191680 0.004300 0.990980 0.999300 0.884660 5.423186 7.081222 3.289707
 [1] 2.495798 0.005980 0.193400 0.004480 0.990800 0.999500 0.884240 5.475905 7.081222 3.289707
 [1] 2.575630 0.005300 0.192700 0.003820 0.992000 0.999180 0.883420 5.528208 7.081222 3.289707
 [1] 2.655462 0.005680 0.189720 0.003880 0.991720 0.999200 0.883180 5.580102 7.081222 3.289707
 [1] 2.735294 0.006160 0.187660 0.004320 0.992280 0.999380 0.879400 5.631597 7.081222 3.289707
 [1] 2.815126 0.005940 0.190420 0.004700 0.993460 0.999320 0.878820 5.682701 7.081222 3.289707
 [1] 2.894958 0.006060 0.189100 0.004140 0.993280 0.999240 0.876040 5.733424 7.081222 3.289707
 [1] 2.974790 0.007200 0.193080 0.004620 0.993740 0.999300 0.879660 5.783773 7.081222 3.289707
 [1] 3.054622 0.006600 0.190720 0.004960 0.994540 0.999260 0.875620 5.833756 7.081222 3.289707
 [1] 3.134454 0.006800 0.190920 0.004660 0.994240 0.998900 0.873480 5.883380 7.081222 3.289707
 [1] 3.214286 0.007700 0.192540 0.004120 0.994020 0.998860 0.871080 5.932653 7.081222 3.289707
 [1] 3.294118 0.007220 0.190620 0.004840 0.994940 0.998900 0.870360 5.981582 7.081222 3.289707
 [1] 3.373950 0.007280 0.191480 0.004920 0.995680 0.999040 0.873040 6.030174 7.081222 3.289707
 [1] 3.453782 0.008220 0.190080 0.005120 0.994560 0.998740 0.869040 6.078435 7.081222 3.289707
 [1] 3.533613 0.007880 0.191480 0.005840 0.996080 0.999160 0.866840 6.126371 7.081222 3.289707
 [1] 3.613445 0.008580 0.190800 0.005380 0.995340 0.999180 0.866600 6.173990 7.081222 3.289707
 [1] 3.693277 0.008800 0.188460 0.005720 0.996040 0.998980 0.868220 6.221296 7.081222 3.289707
 [1] 3.773109 0.008460 0.191700 0.005780 0.995940 0.998780 0.864900 6.268297 7.081222 3.289707
 [1] 3.852941 0.009280 0.188960 0.005760 0.996260 0.998760 0.864020 6.314996 7.081222 3.289707
 [1] 3.932773 0.009300 0.188480 0.006360 0.996600 0.998840 0.860920 6.361401 7.081222 3.289707
 [1] 4.012605 0.010380 0.188580 0.006020 0.996740 0.998920 0.858680 6.407515 7.081222 3.289707
 [1] 4.092437 0.009840 0.190980 0.006120 0.996800 0.998760 0.856380 6.453345 7.081222 3.289707
 [1] 4.172269 0.010760 0.191540 0.006380 0.996340 0.998180 0.851220 6.498896 7.081222 3.289707
 [1] 4.252101 0.011140 0.191020 0.007520 0.996580 0.998500 0.853640 6.544171 7.081222 3.289707
 [1] 4.331933 0.011380 0.190660 0.006760 0.997260 0.998660 0.851080 6.589177 7.081222 3.289707
 [1] 4.411765 0.010540 0.190120 0.007060 0.997240 0.998840 0.849800 6.633917 7.081222 3.289707
 [1] 4.491597 0.011940 0.190400 0.007180 0.997200 0.998380 0.850280 6.678397 7.081222 3.289707
 [1] 4.571429 0.011880 0.187680 0.007500 0.997280 0.998480 0.843900 6.722619 7.081222 3.289707
 [1] 4.651261 0.012600 0.189140 0.007700 0.997440 0.998340 0.845900 6.766590 7.081222 3.289707
 [1] 4.731092 0.012160 0.190700 0.007120 0.997780 0.998740 0.842600 6.810312 7.081222 3.289707
 [1] 4.810924 0.013320 0.190360 0.008440 0.997780 0.998420 0.841040 6.853790 7.081222 3.289707
 [1] 4.890756 0.014360 0.193040 0.008160 0.997780 0.998340 0.835880 6.897028 7.081222 3.289707
 [1] 4.970588 0.013760 0.191240 0.008220 0.997580 0.998180 0.836220 6.940029 7.081222 3.289707
 [1] 5.050420 0.014240 0.191360 0.007900 0.998120 0.998380 0.840380 6.982798 7.081222 3.289707
 [1] 5.130252 0.015400 0.189700 0.008720 0.997840 0.997920 0.833820 7.025338 7.081222 3.289707
 [1] 5.210084 0.015540 0.188420 0.008200 0.997840 0.997920 0.830780 7.067651 7.081222 3.289707
 [1] 5.289916 0.015840 0.190020 0.009060 0.998040 0.997880 0.826040 7.109743 7.081222 3.289707
 [1] 5.369748 0.015400 0.185980 0.009080 0.997980 0.997760 0.824160 7.151616 7.081222 3.289707
 [1] 5.449580 0.017520 0.188400 0.009900 0.998440 0.998020 0.820640 7.193273 7.081222 3.289707
 [1] 5.529412 0.016820 0.187780 0.009600 0.998040 0.997640 0.818940 7.234718 7.081222 3.289707
 [1] 5.609244 0.018440 0.191820 0.010640 0.998220 0.997500 0.819900 7.275954 7.081222 3.289707
 [1] 5.689076 0.018020 0.190400 0.009480 0.998560 0.997920 0.819480 7.316984 7.081222 3.289707
 [1] 5.768908 0.017340 0.191940 0.010580 0.998780 0.997860 0.818240 7.357810 7.081222 3.289707
 [1] 5.848739 0.019220 0.190040 0.010460 0.998680 0.997760 0.814480 7.398436 7.081222 3.289707
 [1] 5.928571 0.019760 0.188240 0.010080 0.998640 0.997540 0.811180 7.438864 7.081222 3.289707
 [1] 6.008403 0.020900 0.190000 0.010880 0.998540 0.997260 0.808420 7.479098 7.081222 3.289707
 [1] 6.088235 0.020560 0.190040 0.010960 0.998440 0.997020 0.801540 7.519140 7.081222 3.289707
 [1] 6.168067 0.021260 0.191860 0.011060 0.998880 0.997360 0.801680 7.558992 7.081222 3.289707
 [1] 6.247899 0.021120 0.191400 0.011780 0.998540 0.997160 0.802520 7.598657 7.081222 3.289707
 [1] 6.327731 0.024000 0.190500 0.012860 0.998720 0.997040 0.796980 7.638139 7.081222 3.289707
 [1] 6.407563 0.023520 0.194660 0.013020 0.998980 0.997020 0.795220 7.677438 7.081222 3.289707
 [1] 6.487395 0.023940 0.191900 0.012220 0.998540 0.996740 0.791720 7.716558 7.081222 3.289707
 [1] 6.567227 0.023640 0.190800 0.013320 0.998800 0.996780 0.788080 7.755501 7.081222 3.289707
 [1] 6.647059 0.024180 0.191420 0.012840 0.998840 0.996640 0.790340 7.794269 7.081222 3.289707
 [1] 6.726891 0.025600 0.191880 0.013420 0.998920 0.996760 0.783640 7.832865 7.081222 3.289707
 [1] 6.806723 0.026060 0.189260 0.013660 0.998900 0.996300 0.780680 7.871291 7.081222 3.289707
 [1] 6.886555 0.027540 0.190760 0.014640 0.998920 0.996600 0.782280 7.909548 7.081222 3.289707
 [1] 6.966387 0.028760 0.190540 0.014580 0.999020 0.996320 0.777000 7.947640 7.081222 3.289707
 [1] 7.046218 0.029860 0.189600 0.015140 0.999180 0.996320 0.774180 7.985567 7.081222 3.289707
 [1] 7.126050 0.028620 0.189700 0.015420 0.999260 0.996320 0.773700 8.023333 7.081222 3.289707
 [1] 7.205882 0.030700 0.193240 0.015560 0.999280 0.995920 0.768860 8.060939 7.081222 3.289707
 [1] 7.285714 0.030320 0.190880 0.015760 0.999140 0.995780 0.768920 8.098387 7.081222 3.289707
 [1] 7.365546 0.031620 0.190180 0.015920 0.999340 0.995920 0.763500 8.135680 7.081222 3.289707
 [1] 7.445378 0.034160 0.189040 0.016540 0.999180 0.995280 0.758380 8.172818 7.081222 3.289707
 [1] 7.525210 0.032320 0.193680 0.015920 0.999460 0.995540 0.757460 8.209804 7.081222 3.289707
 [1] 7.605042 0.034840 0.188940 0.018460 0.999180 0.995140 0.755420 8.246639 7.081222 3.289707
 [1] 7.684874 0.035020 0.190040 0.017980 0.999400 0.995340 0.752480 8.283326 7.081222 3.289707
 [1] 7.764706 0.036320 0.186940 0.017600 0.999260 0.994900 0.745900 8.319866 7.081222 3.289707
 [1] 7.844538 0.036940 0.192020 0.018320 0.999320 0.994960 0.746300 8.356261 7.081222 3.289707
 [1] 7.924370 0.038560 0.188480 0.019640 0.999380 0.994760 0.740220 8.392512 7.081222 3.289707
 [1] 8.004202 0.039340 0.190080 0.020180 0.999600 0.995100 0.742200 8.428622 7.081222 3.289707
 [1] 8.084034 0.039780 0.190580 0.019700 0.999300 0.994640 0.739940 8.464591 7.081222 3.289707
 [1] 8.163866 0.040360 0.190560 0.020360 0.999360 0.994200 0.735760 8.500421 7.081222 3.289707
 [1] 8.243697 0.042220 0.189080 0.021080 0.999420 0.994300 0.732000 8.536114 7.081222 3.289707
 [1] 8.323529 0.043740 0.190000 0.020700 0.999460 0.994440 0.729700 8.571672 7.081222 3.289707
 [1] 8.403361 0.045200 0.190620 0.022360 0.999500 0.994300 0.729520 8.607096 7.081222 3.289707
 [1] 8.483193 0.044400 0.190060 0.021500 0.999640 0.993740 0.724800 8.642387 7.081222 3.289707
 [1] 8.563025 0.047560 0.194600 0.021920 0.999300 0.993360 0.720760 8.677546 7.081222 3.289707
 [1] 8.642857 0.048000 0.190340 0.021980 0.999420 0.993560 0.714680 8.712576 7.081222 3.289707
 [1] 8.722689 0.050380 0.188760 0.024080 0.999720 0.993920 0.712580 8.747478 7.081222 3.289707
 [1] 8.802521 0.050000 0.189340 0.022900 0.999660 0.992860 0.712580 8.782252 7.081222 3.289707
 [1] 8.882353 0.052940 0.188800 0.026080 0.999640 0.992920 0.702760 8.816901 7.081222 3.289707
 [1] 8.962185 0.052860 0.188040 0.025940 0.999500 0.992780 0.704800 8.851425 7.081222 3.289707
 [1] 9.042017 0.053620 0.190380 0.025780 0.999600 0.992160 0.702580 8.885826 7.081222 3.289707
 [1] 9.121849 0.055260 0.190100 0.025540 0.999620 0.992020 0.693620 8.920106 7.081222 3.289707
 [1] 9.201681 0.058200 0.191120 0.025940 0.999640 0.992160 0.693140 8.954265 7.081222 3.289707
 [1] 9.281513 0.060040 0.192800 0.029100 0.999600 0.991920 0.690360 8.988305 7.081222 3.289707
 [1] 9.361345 0.061300 0.189160 0.027840 0.999740 0.991940 0.688000 9.022226 7.081222 3.289707
 [1] 9.441176 0.063500 0.190100 0.029440 0.999640 0.991260 0.686380 9.056031 7.081222 3.289707
 [1] 9.521008 0.061940 0.188340 0.028140 0.999640 0.991180 0.680320 9.089720 7.081222 3.289707
 [1] 9.600840 0.064320 0.190060 0.030420 0.999800 0.991320 0.683320 9.123294 7.081222 3.289707
 [1] 9.680672 0.065900 0.187040 0.030480 0.999740 0.991240 0.675360 9.156755 7.081222 3.289707
 [1] 9.760504 0.067300 0.190060 0.031380 0.999800 0.990640 0.672540 9.190104 7.081222 3.289707
 [1] 9.840336 0.068700 0.192080 0.031680 0.999720 0.990620 0.666400 9.223341 7.081222 3.289707
 [1] 9.920168 0.071000 0.190520 0.031920 0.999840 0.990180 0.659940 9.256469 7.081222 3.289707
 [1] 10.000000  0.073500  0.190100  0.033280  0.999780  0.990020  0.662420  9.289487  7.081222  3.289707
